6000
0.001000
0.018000
5900
0.001000
0.020000
5800
0.001000
0.019000
5700
0.001000
0.014000
5600
0.000000
0.018000
5500
0.001000
0.015000
5400
0.000000
0.018000
5300
0.001000
0.014000
5200
0.001000
0.017000
5100
0.000000
0.013000
5000
0.001000
0.011000
4900
0.000000
0.011000
4800
0.001000
0.010000
4700
0.001000
0.012000
4600
0.001000
0.010000
4500
0.001000
0.009000
4500
0.001000
0.009000
4300
0.000000
0.009000
4200
0.001000
0.013000
4100
0.001000
0.009000
4000
0.001000
0.011000
3900
0.001000
0.012000
3800
0.001000
0.008000
3700
0.001000
0.008000
3600
0.000000
0.006000
3500
0.001000
0.011000
3400
0.001000
0.011000
3300
0.000000
0.008000
3200
0.002000
0.009000
3100
0.000000
0.007000
3000
0.000000
0.005000
2900
0.000000
0.009000
2900
0.001000
0.007000
2800
0.001000
0.003000
2700
0.001000
0.003000
2600
0.000000
0.002000
2500
0.000000
0.004000
2400
0.001000
0.003000
2300
0.000000
0.001000
2200
0.000000
0.002000
2100
0.000000
0.002000
2000
0.001000
0.001000
1900
0.000000
0.001000
1800
0.000000
0.002000
1700
0.000000
0.002000
1600
0.000000
0.002000
1500
0.000000
0.002000
1400
0.000000
0.001000
1300
0.000000
0.001000
1200
0.000000
0.001000
1100
0.000000
0.001000
1000
0.001000
0.000000
900
0.000000
0.001000
800
0.000000
0.001000
700
0.000000
0.000000
600
0.000000
0.000000
